311
3
311
25
100
qqqqqqqqq
450
45000
451
25
100
asdrewasewa
888
8888
350
25
100
osemkowaRolka
311
3333
115
25
100
asdfrty333
711
7333
117
25
100
error
788
7788
300
25
100
siudemka
788
7788
300
25
100
dfghjfghjk
788
7788
300
25
100
vvvvvv
788
7788
300
25
100
eeeeeeeeeeeeeeeeeee
311
3
311
25
100
fffffffffff
311
3
311
25
100
qqqqqqqqq
450
45000
451
25
100
asdrewasewa
888
8888
350
25
100
osemkowaRolka
311
3333
115
25
100
asdfrty333
711
7333
117
25
100
error
788
7788
300
25
100
siudemka
788
7788
300
25
100
dfghjfghjk
788
7788
300
25
100
vvvvvv
788
7788
300
25
100
eeeeeeeeeeeeeeeeeee
311
3
311
25
100
fffffffffff
411
4333
105
25
100
nowaKolejna
888
8888
370
17
148
sto siedemdziesiatks
311
3333
50
25
100
tereaetttyyy
500
7788
300
25
100
rolka1
500
5000
350
25
100
rolka2
1000
2000
450
25
100
ooooooTrzeciaooooooooo
250
5000
192
15
148
ostRolka
600
6000
261,5
10
148
600 600kg
155,5
3333
115
25
100
kolejnaTesty
300,5
15050
100
15
148
Wybierz z zapisanych rolek
